front {
  T: 1.0, 1.0, 3.0,  .0, -1.0
  T: 1.0, 1.0, -3.0,  1.0, -1.0
  T: 1.0, -1.0, -3.0,  1.0, -1.0
  T: 1.0, -1.0, 3.0,  1.0, -1.0
}

back {
  T: -1.0, 1.0, 3.0,  1.0, -1.0
  T: -1.0, -1.0, 3.0,  1.0, -1.0
  T: -1.0, -1.0, -3.0,  1.0, -1.0
  T: -1.0, 1.0, -3.0,  1.0, -1.0
}

top {
  T: 1.0, 1.0, 3.0,  1.0, -1.0
  T: -1.0, 1.0, 3.0,  1.0, -1.0
  T: -1.0, -1.0, 3.0,  1.0, -1.0
  T: 1.0, -1.0, 3.0,  1.0, -1.0
}

bot {
  T: 1.0, 1.0, -3.0,  1.0, -1.0
  T: -1.0, 1.0, -3.0,  1.0, -1.0
  T: -1.0, -1.0, -3.0,  1.0, -1.0
  T: 1.0, -1.0, -3.0,  1.0, -1.0
}

left {
  T: -1.0, -1.0, 3.0,  1.0, -1.0
  T: 1.0, -1.0, 3.0,  1.0, -1.0
  T: 1.0, -1.0, -3.0,  1.0, -1.0
  T: -1.0, -1.0, -3.0,  1.0, -1.0
}

right {
  T: -1.0, 1.0, 3.0,  1.0, -1.0
  T: 1.0, 1.0, 3.0,  1.0, -1.0
  T: 1.0, 1.0, -3.0,  1.0, -1.0
  T: -1.0, 1.0, -3.0,  1.0, -1.0
}