front {
  T: 0.0, 1.0, 0.5,  1.0, -1.0
  T: 1.0, -1.0, 0.5,  1.0, -1.0
  T: -1.0, -1.0, 0.5,  1.0, -1.0

  T: -1.0, -1.0, 0.5,  1.0, -1.0
  T: 1.0, -1.0, 0.5,  1.0, -1.0
  T: -1.0, -5.0, 0.5,  1.0, -1.0

  T: 1.0, -1.0, 0.5,  1.0, -1.0
  T: 1.0, -5.0, 0.5,  1.0, -1.0
  T: -1.0, -5.0, 0.5,  1.0, -1.0
}

back {
  T: 0.0, 1.0, -0.5,  1.0, -1.0
  T: 1.0, -1.0, -0.5,  1.0, -1.0
  T: -1.0, -1.0, -0.5,  1.0, -1.0

  T: -1.0, -1.0, -0.5,  1.0, -1.0
  T: 1.0, -1.0, -0.5,  1.0, -1.0
  T: -1.0, -5.0, -0.5,  1.0, -1.0

  T: 1.0, -1.0, -0.5,  1.0, -1.0
  T: 1.0, -5.0, -0.5,  1.0, -1.0
  T: -1.0, -5.0, -0.5,  1.0, -1.0
}

left {
  T: 1.0, -1.0, -0.5,  1.0, -1.0
  T: 1.0, -5.0, 0.5,  1.0, -1.0
  T: 1.0, -5.0, -0.5,  1.0, -1.0

  T: 1.0, -1.0, 0.5,  1.0, -1.0
  T: 1.0, -1.0, -0.5,  1.0, -1.0
  T: 1.0, -5.0, 0.5,  1.0, -1.0
}

right {
  T: -1.0, -1.0, -0.5,  1.0, -1.0
  T: -1.0, -5.0, 0.5,  1.0, -1.0
  T: -1.0, -5.0, -0.5,  1.0, -1.0

  T: -1.0, -1.0, 0.5,  1.0, -1.0
  T: -1.0, -1.0, -0.5,  1.0, -1.0
  T: -1.0, -5.0, 0.5,  1.0, -1.0
}

topleft {
  T: 0.0, 1.0, 0.5,  1.0, -1.0
  T: 0.0, 1.0, -0.5,  1.0, -1.0
  T: 1.0, -1.0, 0.5,  1.0, -1.0

  T: 0.0, 1.0, -0.5,  1.0, -1.0
  T: 1.0, -1.0, 0.5,  1.0, -1.0
  T: 1.0, -1.0, -0.5,  1.0, -1.0
}

topright {
  T: 0.0, 1.0, 0.5,  1.0, -1.0
  T: 0.0, 1.0, -0.5,  1.0, -1.0
  T: -1.0, -1.0, 0.5,  1.0, -1.0

  T: 0.0, 1.0, -0.5,  1.0, -1.0
  T: -1.0, -1.0, 0.5,  1.0, -1.0
  T: -1.0, -1.0, -0.5,  1.0, -1.0
}

bottom {
  T: 1.0, -5.0, 0.5,  1.0, -1.0
  T: 1.0, -5.0, -0.5,  1.0, -1.0
  T: -1.0, -5.0, -0.5,  1.0, -1.0

  T: 1.0, -5.0, 0.5,  1.0, -1.0
  T: -1.0, -5.0, -0.5,  1.0, -1.0
  T: -1.0, -5.0, 0.5, 1.0, -1.0
}