front {
  T: 0.0, 0.0, 0.5,   1.0, -1.0
  T: -1.0, -2.0, 0.5,   1.0, -1.0
  T: -3.0, 0.0, 0.5,  1.0, -1.0

  T: -1.0, -2.0, 0.5,   1.0, -1.0
  T: -3.0, 0.0, 0.5,  1.0, -1.0
  T: -3.0, -2.0, 0.5,  1.0, -1.0
}

back {
  T: 0.0, 0.0, -0.5,   1.0, -1.0
  T: -1.0, -2.0, -0.5,   1.0, -1.0
  T: -3.0, 0.0, -0.5,  1.0, -1.0

  T: -1.0, -2.0, -0.5,   1.0, -1.0
  T: -3.0, 0.0, -0.5,  1.0, -1.0
  T: -3.0, -2.0, -0.5,  1.0, -1.0
}

left {
  T: -3.0, 0.0, -0.5,  1.0, -1.0
  T: -3.0, -2.0, -0.5,  1.0, -1.0
  T: -3.0, -2.0, 0.5,  1.0, -1.0

  T: -3.0, 0.0, -0.5,  1.0, -1.0
  T: -3.0, -2.0, 0.5,  1.0, -1.0
  T: -3.0, 0.0, 0.5,   1.0, -1.0
}

right {
  T: 0.0, 0.0, -0.5,  1.0, -1.0
  T: -1.0, -2.0, -0.5,  1.0, -1.0
  T: -1.0, -2.0, 0.5,  1.0, -1.0

  T: 0.0, 0.0, -0.5,  1.0, -1.0
  T: -1.0, -2.0, 0.5,  1.0, -1.0
  T: 0.0, 0.0, 0.5,   1.0, -1.0
}

top {
  T: 0.0, 0.0, 0.5,   1.0, -1.0
  T: -3.0, 0.0, 0.5,  1.0, -1.0
  T: -3.0, 0.0, -0.5,  1.0, -1.0

  T: 0.0, 0.0, 0.5,   1.0, -1.0
  T: -3.0, 0.0, -0.5,  1.0, -1.0
  T: 0.0, 0.0, -0.5,   1.0, -1.0
}

bottom {
  T: -1.0, -2.0, 0.5,   1.0, -1.0
  T: -3.0, -2.0, 0.5,  1.0, -1.0
  T: -3.0, -2.0, -0.5,  1.0, -1.0

  T: -1.0, -2.0, 0.5,   1.0, -1.0
  T: -3.0, -2.0, -0.5,  1.0, -1.0
  T: -1.0, -2.0, -0.5,   1.0, -1.0
}